retrieve_type: bm25
minmax: (0.16556048393249512, 0.6664247512817383)
mean: 0.24028515895207722
variance: 0.00276283354864456

retrieve_type: dpr_rerank
minmax: (0.18790507316589355, 0.6933069229125977)
mean: 0.2648365112145742
variance: 0.002865133159718796

retrieve_type: cross_rerank
minmax: (0.4567582607269287, 0.9791066646575928)
mean: 0.5394292910893758
variance: 0.0028800074777068085

retrieve_type: dpr
minmax: (2.4591174125671387, 4.712128639221191)
mean: 2.588381215731303
variance: 0.0421978322274188
