retrieve_type: bm25
minmax: (0.014439582824707031, 0.512519359588623)
mean: 0.08069970329602559
variance: 0.002560419215655146

retrieve_type: dpr_rerank
minmax: (0.03322124481201172, 0.5378649234771729)
mean: 0.10396947860717773
variance: 0.0026691495859527906

retrieve_type: cross_rerank
minmax: (0.3040804862976074, 0.8171160221099854)
mean: 0.37361475030581154
variance: 0.0026529416567075007

retrieve_type: dpr
minmax: (2.289868116378784, 4.121642351150513)
mean: 2.5606777799129485
variance: 0.15401033726774402
